0 0.878125 0.44296875 0.2296875 0.196875
0 0.83671875 0.24296875 0.3125 0.225
0 0.09296875 0.4578125 0.1859375 0.184375
0 0.84921875 0.90703125 0.2078125 0.1640625
0 0.6484375 0.0734375 0.171875 0.146875
0 0.6 0.2734375 0.1609375 0.175
0 0.7015625 0.4484375 0.1890625 0.1640625
0 0.25234375 0.0875 0.171875 0.175
0 0.4546875 0.08203125 0.1890625 0.1640625
0 0.43984375 0.27578125 0.1609375 0.1921875
0 0.54765625 0.45625 0.1484375 0.159375
0 0.2796875 0.28984375 0.1609375 0.1640625
0 0.63671875 0.9015625 0.196875 0.175
0 0.3984375 0.6859375 0.171875 0.16875
0 0.2203125 0.67734375 0.19375 0.1640625
0 0.1421875 0.28984375 0.153125 0.175
0 0.5984375 0.68828125 0.2296875 0.175
0 0.24765625 0.45078125 0.196875 0.1796875
0 0.15625 0.68046875 0.3125 0.1796875
0 0.4125 0.45390625 0.184375 0.196875
0 0.09296875 0.88515625 0.1859375 0.175
0 0.92890625 0.22421875 0.128125 0.1859375
0 0.8453125 0.71015625 0.2796875 0.196875
0 0.7765625 0.259375 0.1921875 0.190625
0 0.59609375 0.27109375 0.153125 0.171875
0 0.078125 0.0984375 0.15625 0.175
0 0.86875 0.90703125 0.246875 0.1640625
0 0.43984375 0.2765625 0.159375 0.19375
0 0.03515625 0.29453125 0.0703125 0.1734375
0 0.0640625 0.68125 0.128125 0.184375
0 0.8890625 0.0609375 0.178125 0.121875
0 0.2734375 0.8984375 0.175 0.203125
0 0.44453125 0.9015625 0.1875 0.196875