0 0.7140625 0.88515625 0.43203125 0.22734375
0 0.31484375 0.62421875 0.2015625 0.25390625
0 0.53046875 0.55625 0.1765625 0.2875
0 0.73984375 0.57109375 0.1765625 0.2140625
0 0.90390625 0.61953125 0.12734375 0.2140625
0 0.06796875 0.6453125 0.1328125 0.228125
0 0.10703125 0.37265625 0.1578125 0.2140625
0 0.33671875 0.36171875 0.0828125 0.1921875
0 0.515625 0.1046875 0.128125 0.1625
0 0.3421875 0.1328125 0.078125 0.084375
0 0.15625 0.13515625 0.16171875 0.14453125
0 0.54609375 0.2921875 0.196875 0.1828125
0 0.7890625 0.26640625 0.17578125 0.240625
0 0.759375 0.1 0.128125 0.10625
0 0.95703125 0.1421875 0.0859375 0.221875