1 0.28671875 0.0890625 0.4734375 0.1125
1 0.76796875 0.08359375 0.3453125 0.0984375
1 0.7390625 0.225 0.478125 0.15
1 0.24921875 0.228125 0.4328125 0.078125
1 0.2625 0.3734375 0.4625 0.090625
1 0.7609375 0.384375 0.415625 0.11875
1 0.1609375 0.51640625 0.271875 0.1265625
1 0.42734375 0.515625 0.2921875 0.11875
1 0.71015625 0.52265625 0.2421875 0.1296875
1 0.903125 0.525 0.165625 0.1375
1 0.14609375 0.7109375 0.2328125 0.13125
1 0.3984375 0.7140625 0.2125 0.134375
1 0.6578125 0.71484375 0.234375 0.1390625
1 0.8765625 0.71640625 0.209375 0.1234375
1 0.85625 0.8890625 0.225 0.1375
1 0.61484375 0.896875 0.2171875 0.1375
1 0.3796875 0.89453125 0.203125 0.1234375
1 0.14296875 0.89140625 0.2234375 0.1265625