1 0.3015625 0.675 0.2 0.509375
1 0.5234375 0.2 0.321875 0.396875
1 0.553125 0.5984375 0.365625 0.34375
1 0.78125 0.67890625 0.1875 0.5203125
1 0.77421875 0.2125 0.1578125 0.425
1 0.27890625 0.21328125 0.171875 0.42578125
1 0.53203125 0.3765625 0.378125 0.3640625
1 0.521875 0.7046875 0.32421875 0.403125
1 0.51328125 0.14375 0.296875 0.2796875
1 0.0953125 0.6921875 0.190625 0.371875
1 0.11015625 0.8421875 0.2203125 0.296875
1 0.0953125 0.18984375 0.1890625 0.37265625
1 0.10859375 0.35 0.21640625 0.2953125