1 0.18828125 0.17578125 0.2140625 0.1265625
1 0.1890625 0.67578125 0.225 0.1546875
1 0.1796875 0.8484375 0.09375 0.140625
1 0.5046875 0.853125 0.059375 0.08125
1 0.83359375 0.85703125 0.1578125 0.1296875
1 0.52265625 0.51953125 0.2203125 0.1484375
1 0.83046875 0.32421875 0.2265625 0.1171875
1 0.8265625 0.1609375 0.228125 0.078125
1 0.52109375 0.16015625 0.3328125 0.13125
1 0.5203125 0.32421875 0.2890625 0.13046875
1 0.196875 0.33984375 0.26328125 0.109375
1 0.2078125 0.50703125 0.2828125 0.115625
1 0.83046875 0.4984375 0.19609375 0.15703125
1 0.521875 0.68046875 0.17109375 0.1671875
1 0.83046875 0.6703125 0.18203125 0.08828125