1 0.43515625 0.32578125 0.1171875 0.1140625
1 0.61875 0.3390625 0.15 0.11875
1 0.83203125 0.32109375 0.1765625 0.1328125
1 0.49765625 0.53203125 0.2359375 0.1734375
1 0.196875 0.51015625 0.30625 0.1140625
1 0.17265625 0.6828125 0.2109375 0.109375
1 0.39140625 0.69609375 0.1421875 0.1296875
1 0.6140625 0.69453125 0.16875 0.1265625
1 0.85390625 0.6984375 0.2109375 0.153125
1 0.28515625 0.1546875 0.403125 0.14921875
1 0.73359375 0.16953125 0.3375 0.14453125
1 0.20390625 0.3234375 0.253125 0.1390625
1 0.24453125 0.8625 0.309375 0.14453125
1 0.70546875 0.85546875 0.45 0.12265625