1 0.4 0.3703125 0.16875 0.11875
1 0.61484375 0.39765625 0.1921875 0.1140625
1 0.90703125 0.3734375 0.1796875 0.125
1 0.25078125 0.22109375 0.1484375 0.0984375
1 0.61953125 0.071875 0.1984375 0.125
1 0.33984375 0.4703125 0.1453125 0.06875
1 0.11796875 0.071875 0.203125 0.1265625
1 0.36328125 0.128125 0.1984375 0.14453125
1 0.746875 0.21640625 0.1578125 0.103125
1 0.8640625 0.128125 0.19453125 0.14375
1 0.11171875 0.3921875 0.2015625 0.121875
1 0.11796875 0.53984375 0.203125 0.12890625
1 0.36640625 0.596875 0.2 0.140625
1 0.25078125 0.6875 0.15625 0.1125
1 0.1140625 0.86171875 0.19453125 0.121875
1 0.4015625 0.8390625 0.18125 0.12890625
1 0.6109375 0.86171875 0.20390625 0.121875
1 0.90078125 0.83515625 0.1796875 0.1328125
1 0.7484375 0.68515625 0.16171875 0.11328125
1 0.61875 0.53984375 0.20234375 0.1359375
1 0.86484375 0.5984375 0.19609375 0.1375
1 0.8390625 0.46796875 0.15625 0.06875
1 0.84296875 0.92265625 0.153125 0.03125
1 0.34609375 0.92109375 0.1671875 0.03359375
1 0.4578125 0.24921875 0.2359375 0.0484375
1 0.453125 0.715625 0.2375 0.05546875
1 0.91953125 0.715625 0.1609375 0.05546875
1 0.91796875 0.246875 0.1640625 0.053125