1 0.290625 0.2765625 0.18125 0.13125
1 0.43984375 0.471875 0.2890625 0.178125
1 0.5421875 0.66953125 0.18125 0.1328125
1 0.78515625 0.65390625 0.2171875 0.1421875
1 0.77890625 0.46640625 0.3484375 0.1671875
1 0.50390625 0.28046875 0.1890625 0.1390625
1 0.78671875 0.28203125 0.2421875 0.1578125
1 0.33984375 0.64765625 0.1453125 0.1109375
1 0.2125 0.06640625 0.42421875 0.13203125
1 0.6640625 0.0828125 0.3578125 0.14921875
1 0.07890625 0.26328125 0.15078125 0.13125
1 0.3890625 0.83125 0.46171875 0.1546875
1 0.84765625 0.846875 0.3046875 0.15625
1 0.146875 0.45859375 0.29375 0.125