1 0.1609375 0.090625 0.215625 0.08125
1 0.38515625 0.09296875 0.1796875 0.0734375
1 0.440625 0.16875 0.1 0.071875
1 0.33125 0.1796875 0.090625 0.071875
1 0.23984375 0.16875 0.0734375 0.0625
1 0.12578125 0.17734375 0.1359375 0.0703125
1 0.11484375 0.26640625 0.1421875 0.0703125
1 0.26953125 0.27578125 0.1265625 0.0953125
1 0.42734375 0.26875 0.1734375 0.071875
1 0.1046875 0.35390625 0.121875 0.0609375
1 0.2140625 0.35703125 0.08125 0.0640625
1 0.3296875 0.35859375 0.1 0.0671875
1 0.44765625 0.3625 0.1140625 0.084375
1 0.14453125 0.43984375 0.1765625 0.0796875
1 0.37109375 0.4453125 0.2359375 0.08125
1 0.34609375 0.54609375 0.1640625 0.0828125
1 0.27890625 0.63828125 0.1015625 0.0734375
1 0.1765625 0.6328125 0.075 0.06875
1 0.08515625 0.63203125 0.0703125 0.0640625
1 0.39765625 0.64140625 0.1078125 0.0796875
1 0.25390625 0.7328125 0.1265625 0.0875
1 0.39765625 0.73203125 0.1546875 0.0796875
1 0.2046875 0.821875 0.06875 0.059375
1 0.29375 0.82734375 0.084375 0.0640625
1 0.39921875 0.8234375 0.0953125 0.071875
1 0.2234375 0.909375 0.215625 0.08125
1 0.603125 0.828125 0.1625 0.103125
1 0.6203125 0.63125 0.1875 0.08125
1 0.746875 0.7125 0.365625 0.09375
1 0.878125 0.640625 0.1375 0.096875
1 0.8578125 0.8078125 0.20625 0.103125
1 0.7484375 0.9140625 0.346875 0.078125
1 0.14921875 0.53828125 0.1875 0.0703125
1 0.11796875 0.72265625 0.1296875 0.06953125
1 0.103125 0.82421875 0.1 0.0640625
1 0.42421875 0.91328125 0.13359375 0.08046875
1 0.671875 0.359375 0.0453125 0.0734375
1 0.74765625 0.56015625 0.3453125 0.08984375
1 0.71875 0.27265625 0.040625 0.07890625
1 0.84453125 0.184375 0.04609375 0.0765625