1 0.42734375 0.478125 0.2921875 0.115625
1 0.7109375 0.48984375 0.2375 0.1328125
1 0.90078125 0.490625 0.1671875 0.121875
1 0.88203125 0.66953125 0.2234375 0.1234375
1 0.65703125 0.66484375 0.2328125 0.1171875
1 0.39375 0.66328125 0.209375 0.1296875
1 0.13828125 0.65859375 0.2453125 0.1296875
1 0.14296875 0.83046875 0.2234375 0.1328125
1 0.37265625 0.83203125 0.2140625 0.1296875
1 0.61640625 0.83046875 0.2203125 0.1265625
1 0.85546875 0.83203125 0.2203125 0.1140625
1 0.28515625 0.0796875 0.4734375 0.10234375
1 0.77265625 0.078125 0.35078125 0.09921875
1 0.2515625 0.21171875 0.42734375 0.07265625
1 0.73671875 0.2078125 0.48125 0.1265625
1 0.26328125 0.34296875 0.46328125 0.07578125
1 0.76015625 0.35234375 0.415625 0.115625