1 0.20546875 0.47578125 0.2171875 0.0765625
1 0.48359375 0.47109375 0.2203125 0.0765625
1 0.290625 0.63046875 0.225 0.1234375
1 0.75234375 0.17421875 0.0984375 0.0421875
1 0.86015625 0.171875 0.0859375 0.040625
1 0.74609375 0.23125 0.1359375 0.03125
1 0.86640625 0.23046875 0.1140625 0.0578125
1 0.76484375 0.28359375 0.0890625 0.0359375
1 0.9046875 0.32265625 0.146875 0.0546875
1 0.7453125 0.33203125 0.14375 0.0484375
1 0.88828125 0.2734375 0.1484375 0.0375
1 0.51875 0.80546875 0.215625 0.0921875
1 0.78828125 0.8015625 0.2109375 0.1
1 0.86640625 0.9140625 0.2078125 0.096875
1 0.49609375 0.90546875 0.2203125 0.1015625