1 0.509375 0.42890625 0.48125 0.3359375
1 0.8421875 0.65 0.26875 0.165625
1 0.8171875 0.8375 0.1875 0.146875
1 0.81484375 0.13984375 0.3234375 0.2359375
1 0.58046875 0.146875 0.2609375 0.221875
1 0.334375 0.15859375 0.315625 0.2390625
1 0.08828125 0.1296875 0.1703125 0.175
1 0.86796875 0.4671875 0.23203125 0.140625
1 0.31015625 0.5375 0.29765625 0.29375
1 0.178125 0.31796875 0.35234375 0.21015625
1 0.14296875 0.6 0.21953125 0.16875
1 0.43828125 0.8 0.78515625 0.21484375
1 0.62421875 0.85234375 0.14375 0.13359375